337
1427
3968
5003
6620
7554
7594
8477
9543
10620
12097
12229
12724
13783
15306
16959
19289
19418
19838
20921
20924
21520
21965
22451
24731
25154
25991
31577
31937
37030
37805
38301
39006
40250
41893
42417
47020
47333
48079
48766
48947
50489
52081
52646
53961
54660
56418
57430
57795
57943
57955
59853
59911
60916
62784
63318
65490
65847
67416
67450
67566
68200
68478
68814
69631
69989
71284
72096
72891
73118
73283
73637
74318
74800
76335
77822
78160
79544
79631
80614
80880
80970
81504
82117
82981
85088
86821
87156
87854
88617
90912
91906
92460
94579
96067
99765
99852
100940
101478
102931
103442
103917
104455
104640
105822
106847
107003
108960
109508
112639
113584
114191
115436
116491
116538
118089
118454
119796
121872
122366
122407
123667
125071
125833
126470
126981
127295
128161
129609
130712
132111
133575
134589
139141
140011
140092
140705
140794
141575
142129
142156
144144
147168
147895
148312
149203
149656
150120
150299
151788
152958
153547
153627
155547
157211
158187
159466
160271
164201
164705
168338
169858
170210
170729
172613
172711
173766
173955
174671
174996
175550
177219
177525
177673
179614
179629
181117
181372
183277
185296
185359
185954
186222
188107
191163
192234
196413
197109
199547
202298
202746
203026
203269
203484
204414
205532
205612
205773
207021
207185
207269
208632
211848
211994
213502
215580
217157
217312
217667
217970
218660
219282
219432
219954
221561
221772
221963
222294
222319
222821
225665
226085
226338
229289
230253
230661
231439
231730
232079
232252
232699
233168
233941
235599
236476
236778
236814
236947
237103
237258
237344
238467
241661
244643
245137
245293
248715
253925
253981
254593
254895
254982
255359
256249
257118
258490
260055
260609
261980
262706
264119
266575
268312
268614
270243
275647
278811
279650
281076
281239
282081
283602
284143
284771
285282
288352
288957
289303
293896
294605
295363
295511
295996
297781
298309
299727
301027
302691
304042
305166
305242
305295
305476
305530
305575
307211
308388
309074
311020
312641
313051
313514
313651
314242
314340
315623
315899
317236
317371
317602
319258
319365
319467
319527
320383
320971
322454
322849
323137
324777
326474
326823
327449
329231
330178
331226
331462
333688
334927
335087
335448
336263
340560
342027
342604
344448
345986
346719
346831
347711
348147
350016
352554
352740
353356
355688
361225
363386
363457
364316
366058
367508
367510
368384
369221
369534
370212
370847
372615
372981
374907
378168
378559
378937
384625
385281
386149
387163
388745
389762
389826
389897
390143
395422
395454
398966
399601
399734
400772
401681
402130
402193
403636
403678
405259
406812
406935
407458
408223
408306
409514
411713
414343
414500
414992
415058
415565
415674
415809
416908
417594
418909
419069
422176
422346
422694
423197
425238
426562
427689
427968
429605
430496
430700
430778
432917
432983
433928
434024
436396
437218
437622
437837
439001
439289
440051
440131
440239
440571
441629
444469
447319
447803
448831
448858
448885
449376
453098
455870
459732
460161
460284
460314
461649
461916
463357
463545
463999
464114
465448
466220
467533
468873
468892
471231
471799
472622
472789
473440
474155
474617
477223
477269
478064
478178
478475
481370
482968
483331
484397
485713
487866
488612
488989
489250
490135
490337
492066
492481
492560
498318
498439
500766
501175
501411
501980
502005
503068
503839
504727
504766
504996
505922
506403
510627
510692
510809
512100
512490
513670
518987
520353
520853
521030
521876
521927
521936
522418
526142
526610
527921
528579
529718
531975
534399
534531
534934
535334
535740
537113
537248
538739
539939
540645
540956
541060
543051
543649
544037
545382
546917
548327
549734
550735
553454
553818
553827
554283
555069
556768
556954
557754
558100
559199
560919
561377
562890
563942
566453
570866
571113
571564
572010
572703
573981
575486
576213
576740
576884
578843
579035
579882
579925
581244
581590
582544
583838
584714
587738
589323
590100
593440
593545
594991
596398
596645
596894
598328
598666
599247
600174
600399
601233
602399
603135
603499
604949
607617
608110
610879
611371
612202
612748
613588
615074
616931
617424
619249
619270
621516
622517
623309
624367
625126
625387
625910
629094
629369
629946
633288
633496
634257
635029
639017
640545
641311
641871
642937
644260
644760
644893
646037
647067
647704
648923
649047
649491
651306
653655
653797
654406
654814
655474
656386
657178
657617
658685
658786
659096
659721
660169
660471
660558
661163
663953
664643
665111
665737
666197
666509
669724
670304
675874
676397
677482
680448
680455
682476
683524
683783
686112
688152
689325
689605
691743
691908
694272
695345
695361
695980
696236
698269
698676
700173
700644
701018
701681
702694
704162
704828
707439
709856
709895
710016
711592
711610
712197
712825
712932
713142
714270
716577
719247
720930
721084
722053
724832
725221
725279
726134
726782
727492
728121
728752
730807
733426
734017
734335
735278
735648
735945
736449
736717
736781
737060
737608
737839
738024
738690
738895
739191
740284
741258
742352
743424
744021
744930
746822
747482
748927
749781
750427
750820
752453
753841
755904
756950
757070
759291
759750
760713
760890
761113
762470
762545
762675
763442
766113
767588
767598
767598
768024
768896
770014
773217
776708
778038
778691
778787
781121
782507
783546
783717
784029
789247
790113
791898
792080
792253
793277
793477
794241
794694
796542
796631
797063
801624
802743
802859
803704
803959
804955
806405
808028
808040
808327
808355
808375
809431
809928
810036
812126
812577
812721
814301
816268
817235
817834
818828
820301
820573
821883
821885
822570
824005
824046
825273
825921
825943
827083
828056
828345
829966
831655
833493
836684
836864
837995
838623
840540
841557
841704
842160
844720
846753
847955
849820
851482
852152
852429
855908
856382
856486
856744
857208
857475
857677
859334
860899
861040
861260
862567
862632
863545
863592
863647
864266
864569
865933
869629
869944
872470
872487
873469
873673
873767
874146
875794
876399
878034
879217
879513
880148
881368
884953
887338
888056
888112
888333
891865
892181
892889
893158
894116
895861
896361
897798
898228
898911
900369
901558
902017
902093
902463
902666
902738
903271
904015
904406
905254
905261
905861
906328
906995
907094
907126
907147
907830
908438
908885
909226
909705
909830
909913
910744
913275
916063
918828
919140
919174
919958
920043
920265
920526
921810
921810
921840
922463
923853
924694
925966
926104
926437
928694
930768
935767
936401
937014
938267
938470
938663
938958
939675
939947
942313
943525
943979
944020
945036
945139
946572
948234
952071
952214
954461
955288
956052
956897
957726
958350
959667
959858
963892
964522
965415
967261
967493
969254
970175
971730
974286
975760
977559
979407
979475
979607
979634
979673
979857
979982
980834
981397
982580
982893
983099
983875
984805
986221
986453
987123
990147
994139
995855
996049
997241
997734
998807
998929
999223
999464
1002044
1003735
1004770
1008523
1009743
1010958
1011242
1011759
1014064
1014317
1014984
1015044
1015921
1017034
1017471
1018267
1018734
1019255
1019356
1020855
1022631
1022956
1024740
1026710
1027019
1028233
1028515
1028739
1031077
1032145
1033674
1033752
1034585
1035388
1035794
1036364
1037025
1037265
1038136
1039595
1041104
1041201
1041277
1041645
1044523
1046514
1046763
1047386
1048067
1048359
1049507
1050770
1051522
1051999
1052968
1053907
1054062
1054712
1056281
1058476
1061180
1063646
1064826
1066639
1068913
1069932
1070285
1070587
1073312
1074194
1074239
1075259
1075778
1076294
1076669
1077537
1078227
1078780
1079107
1081387
1082133
1083677
1086811
1087251
1087734
1089148
1089359
1091594
1091869
1092561
1093323
1094958
1095912
1097385
1099654
1099967
1100004
1101768
1102778
1104967
1106528
1107791
1107825
1107979
1108220
1111240
1113358
1113439
1114493
1114936
1115443
1117530
1119497
1123094
1123816
1124248
1124686
1125995
1127631
1128000
1128283
1128481
1128681
1128987
1133492
1133637
1133973
1135423
1135929
1139001
1139741
1140665
1140835
1140929
1141128
1142467
1145624
1146895
1147401
1147494
1147972
1148330
1149946
1150084
1150355
1151268
1153573
1155012
1156659
1160638
1161235
1161381
1161719
1165382
1165707
1166197
1166707
1167435
1168353
1169279
1169800
1170712
1171292
1173293
1174159
1174826
1176646
1179305
1179463
1179978
1180600
1182947
1183019
1183666
1184352
1185119
1185873
1186902
1187549
1187697
1188029
1188139
1188408
1189142
1189346
1190416
1190489
1190901
1192312
1192841
1193186
1194605
1194828
1196516
1198665
1199126
1199775
1201920
1202160
1202640
1203027
1203204
1206352
1210576
1213042
1213187
1213616
1213630
1215054
1215792
1217894
1221192
1221419
1222226
1223501
1223793
1224555
1225838
1226924
1228113
1228561
1229474
1229654
1230155
1231499
1232725
1233021
1236074
1237244
1237636
1238295
1239188
1241632
1243375
1243560
1244908
1245446
1245847
1245875
1246895
1247841
1247902
1250241
1250503
1251688
1251779
1251970
1252781
1253457
1254353
1254393
1254803
1254948
1255137
1255547
1256789
1257946
1258341
1259601
1259861
1260449
1262393
1263817
1266932
1267861
1268547
1271205
1272482
1272897
1273065
1274766
1274814
1275220
1275257
1277995
1282199
1283034
1283328
1283540
1283599
1283625
1284035
1284489
1284668
1285409
1289997
1290465
1293741
1294120
1294607
1294645
1295661
1295992
1296235
1297560
1298345
1300102
1300706
1302808
1303446
1303999
1304151
1304373
1304856
1305074
1305890
1307781
1307924
1309124
1315499
1317073
1317104
1317106
1318147
1318289
1318599
1319117
1320582
1320784
1321257
1322509
1322598
1322702
1322781
1324687
1326517
1329216
1329436
1331673
1332916
1333753
1334685
1334919
1337217
1338227
1338840
1340557
1340813
1342303
1343667
1346120
1347088
1348144
1349797
1350541
1351249
1351399
1352040
1352550
1352730
1354198
1354862
1355164
1355947
1356145
1356747
1362102
1363143
1363243
1363715
1364235
1366491
1367108
1367369
1368444
1369296
1370643
1371842
1372052
1372276
1373202
1374373
1376237
1376303
1378522
1379390
1379749
1379845
1380485
1381419
1382222
1383051
1384868
1384959
1385123
1385225
1385720
1386335
1386387
1386409
1387808
1388244
1388937
1390801
1392758
1392858
1392875
1394506
1394976
1395289
1395465
1395721
1397072
1398277
1399144
1399394
1399523
1399840
1400372
1400982
1401327
1403073
1403349
1405381
1405526
1406193
1406402
1406827
1407586
1408348
1408649
1409584
1411019
1411404
1414579
1416119
1419105
1419799
1420354
1421481
1423337
1425369
1425656
1426555
1428299
1428414
1430516
1430951
1431068
1431418
1432534
1433806
1433847
1434238
1434969
1435590
1436653
1437473
1438311
1438636
1438755
1439036
1439307
1439686
1440482
1441509
1441778
1444547
1444799
1445468
1446011
1446270
1448097
1448382
1452272
1455910
1458768
1459757
1462203
1462606
1462675
1463302
1465059
1465496
1467792
1469559
1469882
1469938
1470986
1472434
1473296
1474032
1475869
1476357
1477976
1478835
1479802
1479966
1480066
1480314
1480336
1482956
1484067
1487279
1487667
1488756
1488818
1489630
1493167
1494563
1494674
1495587
1496250
1496721
1498585
1500629
1500905
1503812
1504255
1505357
1507159
1508486
1509229
1509410
1511274
1511944
1513408
1513598
1514278
1515286
1517335
1517975
1518714
1519154
1521505
1521549
1521554
1522427
1522727
1523081
1524582
1526446
1528193
1529010
1529400
1529760
1529926
1530423
1532953
1533545
1534411
1535296
1535749
1535835
1536108
1536282
1536389
1536709
1536930
1538401
1538842
1538867
1539633
1539893
1541074
1541305
1542378
1544580
1544961
1548383
1549631
1549989
1554463
1554809
1554880
1555237
1556022
1557220
1559393
1561846
1563224
1564023
1566088
1567907
1569704
1571279
1572299
1574681
1576823
1580726
1585983
1586573
1586827
1586914
1588042
1589655
1590195
1591049
1596452
1597130
1599392
1599774
1600309
1600378
1600422
1601321
1604278
1604452
1606433
1608025
1608206
1608579
1609434
1609622
1612498
1613183
1613666
1614701
1615527
1617111
1617594
1617896
1618247
1618536
1619645
1619979
1620221
1621607
1622386
1622770
1623468
1625099
1626546
1626837
1627773
1627991
1629910
1632611
1632848
1632950
1632952
1633077
1635322
1637233
1640161
1640186
1642349
1642510
1642675
1644248
1644443
1645121
1645373
1645522
1646120
1647685
1647951
1651730
1652178
1652296
1652335
1652734
1652867
1653329
1653531
1653603
1653636
1655789
1655962
1656218
1656993
1658371
1658609
1659370
1661099
1661257
1663739
1664126
1664433
1665316
1666572
1666842
1667441
1667766
1668154
1668465
1668669
1672927
1674138
1676959
1677718
1680419
1681119
1681200
1681567
1682067
1682217
1682268
1682590
1683402
1683979
1684285
1684467
1684559
1687559
1687955
1690739
1691357
1691830
1691861
1691943
1692517
1694381
1695099
1697878
1698080
1699389
1700111
1700150
1701038
1702680
1703631
1705058
1706354
1708571
1709394
1709551
1710008
1710337
1710405
1710638
1711205
1712106
1717687
1721878
1722897
1727258
1728034
1728625
1729998
1730105
1732136
1732720
1733933
1737160
1738525
1739454
1739537
1739971
1740251
1740937
1741629
1743032
1743100
1743867
1744384
1746143
1746879
1747574
1747713
1748852
1749218
1749510
1750647
1751170
1751659
1753022
1754621
1756345
1756375
1756576
1756692
1756756
1757223
1757517
1757798
1759686
1761020
1761609
1761896
1762033
1762676
1762875
1764417
1765674
1766297
1766447
1768147
1769620
1770091
1771273
1771342
1771926
1773209
1773824
1773825
1774776
1775897
1776043
1776140
1776639
1776658
1776716
1777024
1777348
1777702
1778424
1778940
1781499
1781989
1782540
1783288
1783730
1784099
1785757
1787250
1789524
1789857
1792421
1792933
1793328
1793368
1793929
1795561
1795710
1796473
1797323
1797719
1798223
1798760
1799694
1801290
1802189
1802303
1803894
1804614
1805117
1805177
1808193
1808697
1809890
1810682
1812437
1813116
1813735
1814033
1815624
1818452
1819732
1823358
1824369
1825803
1826126
1828161
1828200
1828488
1828988
1830919
1831123
1831245
1833334
1833390
1833658
1834883
1836836
1837202
1837283
1838200
1838201
1839182
1841828
1843158
1844032
1844495
1849138
1851785
1852064
1853181
1853991
1857354
1862620
1863413
1863802
1864179
1864645
1868604
1869471
1871474
1871844
1874975
1875273
1876235
1876724
1877283
1877358
1877793
1877903
1880100
1881420
1882664
1882762
1883095
1883768
1885852
1886302
1886307
1886670
1886959
1888652
1891736
1892091
1892439
1893246
1893890
1895380
1895494
1897584
1898762
1898996
1900445
1901191
1901578
1901967
1902656
1904033
1904545
1904576
1904864
1904983
1905629
1908976
1909506
1909764
1915459
1916542
1916885
1917531
1918007
1919610
1920134
1921100
1922664
1923997
1925824
1926201
1927962
1928207
1930786
1931127
1933972
1934997
1935704
1935717
1935929
1936719
1936975
1937480
1938321
1939719
1939788
1939865
1940124
1942366
1942875
1943282
1943898
1944850
1945583
1946924
1947133
1947480
1947545
1948972
1949394
1949822
1950091
1953396
1953625
1953646
1954766
1955526
1956544
1958241
1958588
1959147
1959948
1960774
1961096
1962104
1963183
1963326
1964254
1965012
1965346
1965600
1965761
1967178
1967362
1968089
1970996
1971901
1971932
1972557
1972860
1976009
1976071
1978562
1980649
1981366
1981624
1982922
1984107
1985958
1986951
1987276
1990158
1991751
1992129
1992157
1993473
1995273
1997509
1997730
1998600
1999507
1999830
2000890
2001042
2002516
2003899
2004979
2005624
2005890
2006775
2010726
2011247
2012298
2013128
2013689
2018780
2018888
2020649
2022099
2022153
2023809
2024896
2025786
2027683
2029021
2029064
2029795
2030579
2030750
2031262
2031303
2031488
2032886
2036974
2037196
2037901
2039665
2039758
2039815
2039899
2041423
2042046
2042477
2043533
2045614
2045956
2046033
2047342
2047878
2049174
2049295
2051582
2051965
2052227
2052731
2052966
2053956
2054444
2054959
2055148
2057604
2058237
2058533
2061057
2062217
2065627
2066423
2067647
2067829
2068068
2068399
2069363
2069998
2070669
2072039
2072703
2073178
2074592
2075053
2076892
2078020
2079485
2080953
2081647
2085677
2086610
2086751
2086918
2087657
2087755
2088069
2090159
2092075
2092077
2093717
2095081
2096029
2096852
2097223
2097535
2098881
2099450
2101293
2105184
2106784
2108972
2109954
2110247
2111136
2112108
2112873
2113984
2114603
2115094
2116084
2119455
2123125
2123819
2123902
2124802
2125838
2128349
2128461
2129073
2129567
2129822
2129962
2130592
2131875
2132250
2133298
2133542
2135990
2136351
2137113
2137332
2138076
2138723
2139124
2139990
2140123
2140487
2140583
2141844
2142201
2142452
2147691
2147745
2147782
2149431
2151715
2151758
2153272
2154601
2154857
2156912
2156968
2157502
2157730
2159291
2159784
2159991
2161426
2162296
2162888
2164318
2165717
2165881
2166495
2166725
2169438
2169532
2169683
2170729
2171369
2171616
2173516
2174855
2176472
2176972
2184521
2186079
2191237
2191859
2192814
2193063
2194787
2195073
2196380
2196556
2196871
2198419
2199571
2199661
2200233
2200357
2200865
2202027
2204279
2204537
2205054
2207404
2209713
2210644
2210811
2213948
2214263
2214339
2216173
2219654
2221548
2224296
2225813
2226562
2227766
2228950
2229229
2229574
2232378
2232609
2234426
2235197
2235887
2236994
2237489
2237882
2239106
2239255
2239743
2241381
2242195
2242841
2243184
2243499
2244024
2244028
2244341
2245048
2246104
2246904
2247778
2247879
2248689
2250916
2252408
2252773
2254941
2259251
2261123
2262054
2262370
2262861
2263023
2263468
2264278
2265622
2265668
2265794
2266312
2267697
2267969
2267987
2268830
2269782
2269839
2270263
2270804
2275026
2277385
2278070
2278435
2279477
2280429
2280749
2282029
2282359
2283291
2283722
2283760
2283926
2283959
2284453
2284624
2284842
2287979
2289024
2289562
2291664
2291914
2293486
2294131
2294351
2294694
2295705
2295870
2295930
2297090
2298505
2298632
2298657
2299726
2302859
2303694
2303827
2305086
2306243
2307003
2307089
2307561
2308830
2309528
2311979
2313233
2314221
2316215
2319213
2321304
2323295
2324101
2324315
2325108
2326893
2328798
2329147
2329936
2331667
2332625
2333316
2333674
2334840
2335084
2336332
2337181
2337790
2337873
2342084
2343627
2344073
2344106
2345284
2347619
2348067
2348239
2348571
2348818
2349719
2351389
2351841
2352177
2352412
2352658
2352812
2352943
2355197
2355522
2357651
2358295
2358321
2362114
2364457
2365128
2365624
2366293
2366482
2367998
2368481
2369023
2369174
2370671
2373325
2374639
2374876
2375266
2376914
2377096
2380055
2380692
2381772
2386423
2387810
2389132
2390555
2392599
2392996
2393274
2395116
2396542
2396918
2397602
2399142
2401959
2404117
2407559
2411907
2412724
2414135
2415342
2415979
2418458
2418708
2418949
2419819
2420688
2420951
2421136
2421762
2422765
2425539
2427104
2427557
2427781
2428408
2428811
2430160
2430191
2431792
2432409
2434855
2435004
2435445
2436108
2437076
2439644
2439756
2440368
2440518
2443281
2446052
2446185
2446539
2446908
2447610
2448531
2449832
2450989
2451228
2451985
2452349
2452739
2452950
2453450
2454547
2454810
2454954
2455450
2456744
2458395
2461107
2461680
2461770
2463596
2464012
2464738
2467773
2470191
2473247
2475191
2476141
2477596
2478495
2478671
2478770
2478971
2480714
2481317
2482095
2482847
2485316
2486379
2487200
2487260
2487601
2489127
2489255
2489388
2491506
2491567
2491988
2492262
2492334
2492741
2494054
2494229
2495143
2495393
2495956
2496866
2497373
2497612
2501134
2501387
2502092
2503754
2505179
2507168
2507273
2507891
2509407
2509585
2509728
2511463
2513354
2513766
2514115
2517132
2517221
2518098
2518417
2520989
2521486
2522087
2526798
2526916
2528063
2532408
2537850
2538047
2538082
2538569
2538815
2539514
2540277
2541050
2541332
2541414
2543325
2543485
2544076
2544668
2545488
2546489
2546953
2547550
2548703
2548946
2550596
2551940
2552567
2553049
2553706
2553976
2554576
2556093
2557885
2559974
2560418
2562750
2563654
2563909
2565035
2568013
2570966
2572060
2573143
2577346
2577596
2577693
2578679
2580577
2580981
2581181
2581221
2581521
2581776
2582844
2582948
2583194
2583729
2584101
2584458
2584618
2586419
2586682
2587320
2588853
2589124
2589936
2591545
2591577
2592081
2593199
2593861
2593965
2597244
2598113
2598254
2598810
2599871
2601469
2601885
2602054
2602810
2604434
2606478
2606955
2607218
2610196
2611210
2612666
2613741
2615096
2615668
2617192
2618662
2621362
2621418
2623728
2625381
2626909
2627030
2630821
2631244
2631727
2632282
2632423
2634466
2635142
2636235
2636710
2636914
2637629
2638251
2639194
2642564
2643411
2644190
2644367
2645042
2645253
2646539
2647084
2647149
2648435
2649884
2653537
2653875
2655619
2655917
2655918
2656468
2656768
2656939
2657080
2657150
2659761
2660138
2662313
2662919
2665197
2665374
2665759
2666314
2666430
2666867
2669122
2669313
2669723
2670535
2670989
2672082
2672456
2672680
2673603
2673658
2673946
2674199
2674744
2675755
2678613
2678689
2678730
2678804
2679078
2681244
2682216
2682271
2683152
2686057
2687758
2688332
2689015
2691850
2692678
2693556
2694498
2695222
2695525
2697449
2698145
2698898
2700399
2701753
2702074
2702278
2705145
2705444
2705580
2705689
2706020
2706452
2708374
2709753
2711349
2712753
2712769
2712776
2713415
2715458
2716740
2717728
2719944
2722227
2723008
2725925
2727177
2728852
2732054
2732591
2732785
2733558
2733579
2733957
2736988
2737225
2737272
2737809
2739099
2742456
2743651
2743782
2744864
2745209
2745337
2747984
2749838
2750764
2752459
2758371
2758737
2760548
2761310
2761485
2762075
2763140
2764813
2766294
2768428
2769140
2769788
2772816
2772853
2773370
2775160
2777861
2778410
2779490
2780861
2781825
2782526
2784697
2786001
2787362
2787777
2788564
2788642
2791083
2791677
2792001
2793081
2793094
2794847
2795545
2795583
2796472
2797779
2798552
2800138
2800373
2803024
2804393
2805225
2807229
2810263
2810317
2810599
2810828
2810901
2812049
2812122
2812822
2812893
2813813
2815663
2816486
2817566
2818959
2819770
2819958
2824004
2824574
2824929
2826578
2828851
2829046
2830258
2830722
2831270
2832317
2832961
2836057
2836978
2837480
2837857
2839525
2842423
2842452
2842908
2843858
2844279
2844932
2845656
2847313
2847370
2847593
2847858
2848782
2850640
2850870
2852912
2853259
2854594
2855449
2859428
2859897
2863185
2863770
2865696
2867824
2869942
2870061
2873421
2873463
2873638
2874358
2875123
2875562
2875669
2877336
2877406
2877668
2879683
2879944
2880462
2882359
2884118
2884306
2885014
2885338
2888374
2889216
2890217
2891604
2892401
2892806
2894503
2894681
2895145
2895413
2896109
2898596
2899912
2900324
2901873
2903722
2904118
2904244
2904973
2905065
2905149
2905590
2906223
2906259
2906759
2908287
2908725
2909658
2909865
2909936
2910055
2910117
2910504
2911046
2912286
2912414
2915004
2915100
2915122
2915146
2915293
2920841
2920851
2923106
2924088
2924602
2926143
2927302
2927455
2930438
2933677
2933931
2935644
2938636
2939044
2942638
2942710
2943341
2944480
2948162
2948337
2950143
2950718
2951942
2952009
2952032
2952118
2952646
2955016
2955318
2957045
2957832
2958319
2959250
2960086
2961284
2962507
2962973
2962995
2965178
2965330
2965651
2965856
2966251
2966253
2968368
2968642
2969924
2970800
2970854
2971363
2972139
2975069
2975214
2977529
2979696
2981904
2982070
2982376
2983020
2984567
2985364
2985756
2986103
2986516
2987389
2987672
2988146
2992879
2993020
2993757
2994782
2996508
2996927
2997045
2997405
2998770
2998915
2998965
3000062
3000181
3001484
3002038
3003546
3005584
3006928
3006942
3007395
3008741
3008986
3009578
3011164
3011673
3012272
3014953
3014984
3015002
3015400
3015482
3015821
3018511
3019634
3023269
3025893
3026728
3028456
3031265
3031928
3032209
3033091
3034268
3036592
3038302
3038501
3041253
3042210
3042712
3043577
3045147
3045676
3046857
3047600
3048086
3049239
3049263
3049270
3050278
3050287
3051546
3052007
3052010
3053061
3054541
3054652
3055114
3056736
3058147
3058370
3059751
3060276
3060743
3061872
3062554
3063216
3065149
3069429
3070598
3070910
3071151
3072433
3073047
3074113
3074498
3075710
3076411
3077931
3078795
3078824
3079140
3079758
3082763
3083364
3084769
3085537
3086077
3086408
3089474
3096807
3100748
3101329
3101805
3103252
3103522
3104202
3105820
3106007
3106138
3107753
3111747
3113836
3114287
3114794
3115611
3117473
3117955
3119174
3119765
3122266
3122942
3123063
3123721
3126327
3126965
3127597
3127979
3128650
3129952
3131228
3131315
3131434
3133477
3133540
3135670
3138186
3138700
3139365
3139516
3141484
3141558
3142774
3143239
3143355
3143959
3145131
3146404
3146735
3147675
3149509
3150355
3151343
3152357
3152377
3153956
3154562
3156417
3156718
3156806
3157334
3157385
3157953
3160303
3161554
3162103
3162402
3163175
3163586
3164183
3165062
3166660
3167778
3168458
3172241
3172246
3173644
3174180
3176266
3179280
3180913
3182352
3183092
3183348
3183605
3185782
3187659
3188266
3189412
3189461
3189887
3190461
3190495
3191751
3192340
3192828
3193422
3193580
3194431
3195015
3197147
3197533
3198013
3198501
3198668
3200724
3200865
3200945
3203164
3204586
3206458
3206553
3206604
3207264
3209789
3209945
3210422
3211513
3212082
3213433
3214001
3219912
3220385
3220419
3221244
3222070
3222857
3223235
3223631
3224013
3226772
3227410
3228409
3228513
3230164
3230589
3232371
3232379
3232683
3232935
3233106
3235357
3235470
3235726
3237131
3237503
3237730
3239114
3240777
3246296
3246569
3247351
3247360
3249619
3250377
3251648
3252604
3253657
3256844
3257218
3259857
3260316
3262433
3263797
3263865
3267888
3268202
3268330
3269832
3270205
3270658
3270664
3273035
3274908
3275022
3275378
3276142
3276305
3277205
3278076
3279573
3279961
3282932
3283063
3284407
3284568
3284652
3285641
3285814
3286784
3287661
3289389
3289732
3290858
3293356
3295383
3296014
3296147
3296374
3298965
3299323
3302603
3302907
3304844
3305073
3306077
3306187
3307378
3307545
3309678
3312134
3313578
3313645
3313732
3316063
3316674
3316945
3317078
3317656
3319631
3319827
3320238
3321124
3323485
3324776
3325753
3325880
3326867
3327732
3328583
3329537
3334128
3335045
3336631
3337756
3338604
3338858
3339794
3341680
3343320
3347264
3347528
3348089
3350193
3350490
3351018
3351067
3352699
3353130
3353432
3353957
3355220
3356012
3356103
3360343
3361512
3361643
3363607
3363834
3364786
3365926
3367309
3368982
3369630
3369824
3370326
3371119
3371199
3371384
3371465
3374803
3375130
3377378
3378026
3378453
3378690
3379943
3380800
3383098
3383208
3384013
3384182
3384381
3385639
3385999
3387989
3388282
3388474
3391811
3393096
3396060
3398254
3399201
3400847
3401486
3402010
3402153
3403768
3404041
3404411
3406916
3407852
3408327
3408377
3409509
3412430
3414000
3414814
3415237
3415988
3416142
3416591
3418170
3418713
3418722
3419142
3419402
3419933
3419987
3420581
3420631
3421046
3421418
3422322
3422608
3425274
3426368
3428537
3428603
3429632
3430309
3430631
3430942
3431122
3432183
3432775
3434439
3434992
3437932
3438219
3438823
3440486
3442833
3443905
3446038
3446165
3446490
3446939
3447094
3447988
3449314
3450008
3450211
3452109
3453216
3453691
3454518
3455244
3457363
3457500
3457550
3457551
3457566
3458081
3458638
3460168
3462361
3464198
3465748
3466840
3468954
3470300
3471988
3472353
3473641
3473792
3474826
3476595
3476840
3478574
3478902
3480291
3484187
3484621
3489718
3491559
3491893
3496186
3498504
3500377
3500967
3501111
3502432
3504702
3505101
3505239
3505304
3505729
3506795
3507250
3507338
3507893
3508585
3508698
3511872
3511920
3512049
3514703
3515399
3515538
3515562
3517536
3518236
3519248
3519635
3520132
3520205
3521456
3521986
3522119
3525164
3525405
3526183
3527282
3527511
3527513
3527595
3528086
3528211
3531395
3532267
3533813
3534819
3535860
3536791
3536948
3537190
3538481
3539178
3540453
3543414
3544372
3544397
3544951
3546719
3548269
3548674
3551397
3551408
3552982
3553173
3553502
3557330
3557786
3559405
3560329
3560881
3562248
3562799
3563791
3564702
3565224
3565382
3566012
3568278
3569170
3569418
3570034
3570457
3571780
3572080
3573336
3573486
3575852
3576123
3577117
3577641
3580260
3580940
3581066
3581536
3581728
3581783
3582230
3583490
3584249
3584343
3585427
3587613
3588002
3589002
3592388
3593301
3594529
3594845
3595652
3597581
3597779
3597852
3600703
3603647
3603765
3606352
3606826
3607086
3608718
3609303
3610568
3611279
3612997
3613198
3614102
3615014
3616797
3616891
3617224
3617272
3618316
3619085
3619400
3621039
3621118
3622175
3622263
3624139
3624557
3627059
3627096
3628342
3628344
3631266
3632135
3632232
3633437
3633955
3637122
3637873
3639633
3639679
3642195
3646224
3646867
3647126
3648678
3649832
3650471
3650720
3650726
3652200
3652254
3652404
3652547
3652764
3654376
3654418
3655968
3656515
3657188
3657615
3659219
3661171
3661223
3661265
3661972
3662519
3663661
3664038
3664605
3665532
3665766
3667491
3669406
3670485
3670813
3674927
3677674
3678428
3679054
3679471
3680988
3682063
3682218
3682806
3685495
3685876
3686364
3687498
3687848
3689103
3689581
3690380
3692420
3693503
3693758
3694047
3695018
3695506
3697212
3698087
3699311
3701394
3704214
3705221
3705634
3705761
3706202
3706259
3708392
3709225
3709271
3712597
3712692
3712945
3713062
3713593
3714574
3714814
3716584
3717528
3718232
3719645
3719651
3720759
3721441
3721966
3722551
3726449
3726831
3727652
3727663
3729115
3730046
3731173
3731660
3732146
3732810
3732810
3733153
3734171
3735504
3736418
3736426
3736713
3737539
3737927
3738169
3738520
3738859
3739465
3741057
3743059
3744909
3745177
3745917
3745954
3746017
3747520
3748198
3749186
3750217
3750471
3751616
3752605
3754226
3757254
3757538
3758289
3758839
3759471
3760154
3760363
3760542
3760997
3762232
3763811
3764713
3765638
3766465
3766532
3767010
3767070
3768032
3768316
3769643
3769835
3770220
3770435
3770567
3772743
3773224
3773339
3774781
3775281
3776504
3777555
3777965
3779529
3780216
3782124
3783155
3784801
3785567
3786153
3788723
3788830
3791079
3792096
3793511
3796426
3798886
3799603
3799995
3800641
3801232
3802504
3802528
3804019
3804274
3804293
3804375
3806069
3806675
3807106
3809895
3809917
3810581
3810677
3810799
3812088
3812159
3812178
3812424
3812444
3814682
3815891
3816749
3817013
3817321
3817715
3819004
3820027
3822446
3823434
3827496
3828561
3829194
3830326
3830499
3831852
3832061
3832660
3833397
3833444
3834540
3836459
3836562
3837232
3837556
3839852
3839862
3840879
3840904
3841358
3844039
3844895
3845300
3846550
3846567
3847968
3848949
3849684
3849833
3850922
3850990
3855014
3855277
3855691
3856335
3856715
3859599
3860038
3862263
3864430
3865030
3865051
3868408
3869364
3870127
3870703
3872192
3872778
3873479
3874307
3876333
3877452
3880568
3881368
3883982
3884614
3885550
3885715
3886469
3887664
3889007
3889146
3889281
3889636
3890156
3891026
3891178
3891341
3891469
3892501
3893786
3893904
3894883
3894991
3895249
3895459
3896960
3900006
3900569
3903558
3903757
3905016
3905122
3905641
3906064
3908443
3908492
3908797
3909196
3910880
3912892
3913038
3913227
3913748
3914007
3916041
3916238
3916773
3920714
3921931
3922010
3922376
3924702
3926638
3928067
3928655
3928827
3929801
3931183
3932318
3932662
3934287
3934633
3935844
3936765
3937443
3943111
3943130
3945300
3948293
3949451
3949748
3949942
3952997
3953152
3954578
3956767
3956854
3957653
3958223
3958885
3959489
3960172
3960993
3961694
3961877
3963162
3964479
3964919
3964975
3965725
3965779
3967473
3968179
3968602
3970018
3971041
3971976
3972447
3973313
3973456
3973780
3974937
3975874
3976019
3977208
3977273
3977774
3978120
3980245
3980255
3981607
3982936
3983772
3984257
3984432
3984683
3984964
3985537
3985625
3985646
3987006
3988150
3988447
3989635
3991286
3992359
3992841
3993393
3996337
3997662
3998052
3999721
4000182
4001283
4003023
4003081
4003707
4005883
4006259
4007148
4010083
4010398
4012005
4012293
4013050
4013326
4014934
4019719
4020779
4020931
4020998
4021657
4022726
4022745
4022774
4023741
4024158
4024526
4024542
4025776
4026785
4027869
4029405
4032435
4032600
4033257
4033491
4033551
4036945
4037038
4037867
4038830
4038939
4040549
4042786
4043146
4043911
4045561
4047577
4049144
4049603
4051094
4051736
4051910
4054602
4057259
4057998
4058040
4058087
4060900
4061932
4062885
4063207
4065125
4065354
4065493
4066710
4069236
4071133
4071619
4075047
4075203
4076661
4077174
4081225
4081863
4082626
4082807
4083439
4084823
4084912
4090327
4090673
4091307
4094208
4094781
4095731
4096709
4098304
4098381
4098808
4099291
4101470
4101501
4101701
4105118
4105553
4106637
4108066
4108893
4108943
4109366
4110092
4110652
4110669
4111957
4112431
4112464
4112832
4114617
4115037
4115181
4115893
4116287
4119895
4120132
4122382
4122520
4123290
4123494
4123846
4125525
4126423
4127407
4128075
4129146
4129847
4129981
4131708
4132411
4134416
4136660
4136734
4137968
4137970
4138493
4139288
4140989
4141186
4142227
4142891
4144932
4150384
4150439
4151167
4151245
4151451
4151516
4151950
4154280
4159672
4160713
4160820
4162283
4162696
4162918
4162974
4164251
4165181
4165474
4168662
4169693
4170804
4171008
4171173
4171373
4173209
4176074
4177989
4178401
4183538
4183840
4183963
4184270
4184478
4184489
4184866
4185413
4186579
4186693
4186713
4186837
4187480
4187954
4188700
4189214
4189392
4191165
4192314
4194223
4195223
4196582
4196887
4197157
4197831
4198258
4200613
4202272
4203459
4203816
4206529
4207462
4207500
4208110
4208992
4210413
4211334
4213638
4213691
4213845
4214369
4215252
4217908
4218488
4218796
4219397
4219585
4220047
4221190
4221386
4221794
4223476
4228362
4228645
4229607
4229734
4230528
4230672
4231490
4232004
4233451
4233554
4233705
4234272
4234406
4234808
4235006
4235334
4235367
4236111
4236472
4237171
4237615
4238322
4238784
4239695
4241930
4244825
4245071
4246099
4247013
4247347
4247498
4250347
4251386
4252088
4253198
4253207
4253811
4253959
4254516
4257134
4258120
4258899
4259109
4259598
4260832
4261459
4263050
4265423
4266175
4267265
4268019
4268714
4269449
4272387
4272834
4273742
4273909
4274076
4275979
4276674
4277088
4277700
4278101
4278376
4278755
4278820
4279477
4279653
4280217
4280408
4280817
4281941
4283110
4283611
4284876
4286010
4286572
4287788
4288597
4289486
4293088
4293412
4294144
4294354
4294391
4296460
4296880
4298192
4298944
4299354
4300050
4300292
4300372
4300949
4300987
4301471
4301948
4303504
4304158
4305902
4305933
4306752
4307833
4308103
4308901
4309683
4309965
4310209
4310957
4315356
4316726
4317298
4319021
4319868
4321737
4321780
4323021
4323787
4323993
4325409
4326596
4326797
4327857
4328389
4328742
4330536
4335853
4337121
4339945
4341530
4342386
4342653
4343362
4343912
4344258
4344337
4345866
4346499
4346834
4347089
4347587
4348446
4348611
4348679
4349644
4349826
4354114
4355116
4355125
4355269
4355667
4356165
4356428
4357719
4357875
4360025
4360425
4360922
4361596
4361953
4363464
4363710
4364159
4366224
4366284
4367950
4369073
4369452
4371434
4371480
4371950
4372978
4376434
4379491
4379844
4383351
4383973
4384077
4384297
4386061
4386752
4387488
4387990
4388145
4388215
4388223
4389795
4389851
4390462
4390563
4391512
4392166
4393138
4393242
4394484
4394993
4395470
4398931
4399690
4401818
4402617
4402640
4402742
4403245
4406104
4406797
4407724
4408023
4408117
4408411
4408996
4409177
4409426
4412111
4413138
4413181
4413964
4415219
4416696
4417376
4417555
4418425
4420697
4423126
4423677
4424493
4424523
4424663
4425756
4426057
4426107
4426215
4427316
4428741
4429258
4429323
4429594
4429941
4430029
4430892
4431834
4432096
4433061
4433414
4434570
4435058
4436780
4438157
4438335
4440521
4442451
4442726
4444290
4444909
4445463
4445913
4446532
4447299
4447743
4448855
4453327
4456276
4457474
4457862
4459015
4464679
4465034
4465076
4466888
4468390
4468778
4470219
4470826
4470979
4471588
4475257
4475781
4478060
4478128
4484650
4485251
4486025
4486598
4486801
4488151
4488873
4489001
4489739
4489741
4491631
4492746
4493711
4494216
4494630
4494856
4497639
4498792
4500939
4503041
4503521
4503861
4504044
4505235
4507745
4510647
4510810
4512062
4518353
4518607
4522358
4524237
4526123
4528236
4528670
4528979
4529046
4529073
4529602
4530108
4530540
4531139
4531522
4533168
4534561
4535189
4537374
4539090
4540551
4542691
4542774
4543345
4544461
4544481
4544603
4545452
4546088
4546586
4546633
4548708
4550044
4554354
4555589
4556411
4557006
4559026
4562074
4562385
4563703
4566085
4567129
4567575
4569092
4575210
4575453
4578465
4578762
4579212
4580421
4581913
4583041
4583100
4583128
4583595
4584034
4584204
4585401
4585875
4586052
4589159
4589842
4589870
4589944
4590250
4591557
4591631
4592881
4593378
4593894
4594269
4595400
4595662
4597671
4598752
4599467
4600409
4600653
4601305
4602114
4602334
4602466
4603634
4604944
4605081
4606034
4606330
4609290
4609375
4609396
4612157
4615491
4615673
4616451
4617473
4624178
4628065
4629619
4629715
4629940
4630167
4631068
4632780
4632879
4632969
4633075
4634060
4635490
4635744
4635761
4638947
4639701
4639874
4639903
4640098
4640340
4641639
4645405
4645985
4647779
4648590
4650928
4652371
4652844
4653168
4654136
4654334
4654679
4654901
4655895
4656775
4657447
4657984
4658088
4659034
4660267
4662755
4663030
4663845
4664230
4665748
4668632
4668743
4669400
4670042
4670528
4670631
4672758
4675387
4675594
4675646
4676908
4677378
4678353
4678589
4680449
4681245
4683043
4683544
4683605
4684007
4684895
4686619
4687131
4688091
4692571
4694773
4697974
4698667
4699686
4701131
4701225
4701698
4702384
4704261
4704308
4704354
4705888
4706666
4707039
4707779
4710601
4710961
4711173
4712502
4712924
4718076
4718333
4718863
4719346
4719503
4719572
4719741
4720020
4721790
4723600
4724705
4725339
4725411
4725655
4727166
4727441
4727797
4728136
4728517
4729356
4730001
4730540
4733809
4734407
4734757
4738153
4739751
4740561
4741559
4741896
4742409
4744186
4744557
4744894
4747390
4748047
4748392
4748934
4748951
4749192
4749454
4750160
4750514
4751403
4751873
4752060
4752331
4752387
4753438
4754246
4755138
4757080
4758313
4760598
4760677
4761555
4764039
4765725
4767624
4769551
4770305
4770421
4772200
4772616
4773477
4773907
4775052
4776472
4776947
4777589
4777772
4778829
4780164
4780522
4780800
4784450
4785538
4790050
4790321
4790436
4790773
4790941
4790970
4792383
4792709
4792896
4793144
4793235
4794130
4795648
4796413
4798540
4799008
4799767
4801378
4801388
4801473
4804202
4804435
4804891
4805377
4806609
4806836
4807448
4808081
4809124
4810823
4811510
4811831
4812556
4812666
4813780
4814062
4815289
4815845
4817640
4817931
4818226
4819161
4821152
4822937
4823160
4823254
4823394
4823564
4824073
4824730
4824828
4826513
4828195
4829778
4830553
4831261
4831749
4831920
4832802
4833674
4833961
4834343
4839356
4839558
4841729
4842094
4842811
4844187
4845179
4845253
4845405
4845535
4846468
4847199
4847517
4849288
4849463
4849695
4851659
4851985
4852759
4853288
4853433
4855090
4856465
4856513
4857427
4858156
4859223
4859798
4860807
4862220
4862483
4862547
4863105
4863216
4863241
4864608
4864792
4865363
4865520
4865786
4865875
4866667
4866980
4868026
4868053
4868745
4870529
4872527
4872702
4874262
4876360
4877000
4877167
4877764
4878347
4880002
4880681
4882070
4883274
4884456
4888100
4889020
4890676
4890877
4891011
4893118
4893450
4893917
4894326
4894866
4896644
4897233
4898142
4898516
4899621
4900455
4901007
4902719
4903513
4904077
4904712
4905099
4910049
4911125
4911877
4911891
4912249
4912482
4912562
4913759
4914677
4915273
4915356
4917159
4918044
4918696
4920466
4922077
4922584
4924751
4926880
4926992
4927245
4928242
4928385
4930230
4930390
4930495
4930608
4933894
4934021
4935291
4938193
4938261
4938702
4940899
4941368
4942147
4943853
4945405
4947254
4952809
4953099
4953559
4954391
4957176
4957532
4959168
4959479
4960789
4961254
4962812
4963966
4967281
4967812
4969861
4973020
4974266
4976471
4977346
4978010
4978797
4978942
4979676
4980690
4981930
4982004
4982613
4983489
4987942
4990279
4990381
4990507
4991290
4991692
4992640
4992941
4992964
4993387
4994017
4994081
4994276
4994418
4995644
4998433
4998542
5000129
5000357
5000414
5000765
5001452
5001819
5002737
5003478
5004603
5004711
5006486
5007760
5007883
5008474
5009925
5010075
5013445
5014908
5016813
5017815
5018080
5018096
5019384
5021565
5025806
5026214
5027115
5027850
5028287
5028623
5031524
5031700
5032807
5033512
5034297
5036325
5037784
5038814
5039707
5040110
5040610
5041419
5043899
5047759
5048443
5049379
5051046
5051128
5051520
5052491
5052960
5053876
5053939
5054781
5055210
5058440
5058509
5058617
5059243
5059354
5059748
5059905
5061408
5061779
5061841
5062546
5063075
5065550
5066181
5068885
5069268
5070728
5071647
5072466
5076379
5076633
5076981
5077297
5077651
5078005
5079176
5079929
5081708
5082589
5083888
5084341
5087145
5087735
5087793
5088986
5089902
5090592
5091010
5091456
5093058
5094526
5095457
5096960
5097963
5098005
5098119
5098165
5099270
5099303
5099726
5101339
5102659
5102983
5106395
5111804
5115682
5119058
5120497
5121271
5121564
5123751
5124078
5124610
5125308
5125401
5125610
5128484
5129026
5134163
5134796
5135267
5137022
5137095
5137870
5140356
5140454
5144619
5144989
5146197
5148333
5148648
5149251
5149702
5150781
5153343
5153707
5154479
5154581
5156047
5157154
5157409
5159197
5159798
5160623
5160657
5160983
5162299
5163270
5164629
5164768
5165107
5165198
5168736
5170790
5170911
5172891
5178537
5180390
5181231
5182228
5182238
5182455
5183442
5184353
5184490
5186417
5186598
5187854
5188762
5192719
5192951
5193100
5193138
5193172
5193368
5193539
5193854
5194922
5195917
5196478
5198901
5200661
5202629
5202703
5204343
5204897
5206491
5207080
5208348
5209033
5209174
5209919
5211304
5217872
5218240
5218815
5219524
5220167
5220451
5220542
5220982
5223176
5225818
5227214
5229056
5229976
5230814
5231048
5232481
5232916
5233413
5233630
5233638
5235263
5236337
5236876
5237674
5237856
5239377
5239382
5239385
5240095
5240623
5240966
5241813
5242714
5244451
5245361
5245724
5245846
5252633
5252730
5253691
5253966
5254156
5254669
5257370
5257515
5257945
5258247
5258591
5260348
5262647
5263450
5263578
5263580
5263861
5263902
5266700
5267360
5267533
5268799
5268992
5270128
5270989
5274090
5274847
5275107
5275587
5276391
5277577
5278155
5278288
5278838
5279066
5281194
5281410
5282585
5285517
5288306
5289421
5289731
5290910
5291337
5291482
5293527
5293578
5293865
5293876
5294669
5295483
5296249
5296736
5296998
5297374
5298101
5299017
5299069
5300018
5302052
5304409
5308138
5308368
5311489
5311910
5313600
5316674
5317663
5318612
5318633
5319035
5319630
5319651
5320108
5320790
5323945
5324888
5325341
5325447
5325475
5325590
5330559
5330784
5332133
5333674
5335027
5335719
5336115
5336609
5337657
5337890
5338235
5339168
5339660
5339726
5339956
5340793
5341024
5341036
5341551
5342168
5347812
5348789
5350764
5350910
5352165
5353128
5354312
5354507
5354512
5354845
5355746
5357657
5358696
5359128
5362399
5363019
5363156
5363823
5363878
5364225
5365993
5366975
5368139
5368239
5370119
5370758
5371311
5371831
5371863
5372874
5373452
5375345
5375365
5375437
5378345
5378943
5378987
5380680
5380745
5381281
5381786
5383056
5383862
5385120
5387851
5388038
5388823
5388924
5389931
5389982
5390935
5391218
5391259
5391530
5392140
5393963
5394228
5394812
5395622
5396088
5396980
5397412
5397495
5399455
5399596
5400275
5400848
5402387
5402830
5403469
5407285
5408430
5411689
5412324
5412586
5413299
5413323
5413840
5414880
5416936
5417452
5417566
5419400
5419639
5422709
5423698
5424788
5427452
5428896
5430563
5431305
5433194
5433505
5434913
5434997
5436073
5437427
5438385
5440079
5441105
5442147
5442788
5445833
5449231
5449464
5449912
5450202
5450254
5452367
5453046
5453714
5454061
5454373
5454977
5456924
5458615
5461060
5466452
5468033
5470397
5470700
5470918
5472792
5472801
5473692
5474212
5475123
5476589
5478282
5478821
5479058
5479893
5480488
5480492
5480882
5485398
5487980
5489601
5493868
5493925
5494878
5495894
5496436
5497672
5498153
5498738
5502596
5504732
5504816
5508034
5508391
5508630
5508935
5510937
5512836
5515076
5515131
5515728
5516644
5517687
5517825
5518402
5518865
5520348
5520752
5522278
5523571
5525531
5526081
5526103
5527760
5531182
5532861
5533985
5534040
5538073
5538303
5538523
5538605
5538779
5539191
5541905
5542041
5544850
5546392
5547658
5548874
5549170
5549435
5550245
5550434
5550590
5550886
5552604
5560318
5560466
5560899
5561025
5561485
5562199
5566606
5567525
5577032
5578227
5579269
5581252
5583098
5583127
5583243
5584500
5586081
5586891
5591174
5591543
5592587
5592851
5592887
5595243
5596091
5598347
5602716
5603594
5603724
5603843
5604655
5605178
5606870
5607443
5607503
5610159
5613050
5613914
5614134
5614413
5616301
5619132
5620721
5620985
5622433
5624961
5629224
5629408
5629459
5629775
5630451
5632554
5632805
5634304
5635339
5638344
5639284
5641463
5641669
5642243
5643337
5644705
5647623
5652436
5652779
5653562
5653852
5654531
5654874
5657278
5658395
5658633
5659529
5659870
5661724
5661806
5662888
5664157
5665189
5665230
5665382
5665383
5666277
5667654
5668106
5668576
5668589
5669762
5670072
5670648
5670835
5670981
5671308
5672648
5672718
5673671
5675107
5676746
5676856
5677860
5679287
5680072
5680075
5681730
5681888
5687946
5688245
5689515
5689610
5691225
5691919
5692950
5693340
5693688
5694433
5695056
5696376
5699166
5700858
5701493
5702155
5704023
5706002
5706868
5707977
5708911
5710525
5710689
5713443
5713739
5714432
5716365
5716547
5716853
5717293
5719694
5720297
5721102
5721131
5722562
5723262
5724629
5724752
5728765
5730895
5731315
5732730
5733206
5733320
5734678
5734893
5735420
5735591
5736820
5736916
5737167
5737559
5738076
5740414
5740493
5741495
5742535
5745811
5746377
5747089
5748260
5748826
5749991
5751539
5754736
5757207
5758085
5759633
5760521
5760986
5762418
5763058
5763594
5763831
5765085
5766186
5767150
5767415
5768274
5768752
5768895
5769260
5769961
5772249
5773708
5774422
5775679
5776078
5778251
5778354
5780018
5780530
5783104
5783701
5785379
5787008
5788797
5791091
5791878
5792072
5795323
5795804
5797310
5797953
5798394
5800165
5804156
5804715
5805943
5806338
5807158
5808445
5810577
5813470
5813585
5815059
5816296
5816318
5816367
5818927
5821414
5822997
5823141
5824816
5825806
5825926
5826216
5827093
5828091
5829006
5829349
5831535
5834802
5834988
5836104
5836461
5836664
5838175
5838206
5839562
5839805
5839842
5839927
5841203
5841255
5842624
5842987
5843022
5844649
5847032
5848841
5851473
5851718
5853480
5855564
5856870
5858494
5858612
5860847
5861045
5862502
5862698
5866428
5867130
5868022
5869189
5872234
5872394
5873809
5873822
5874422
5875297
5879380
5880015
5880109
5881646
5882826
5883409
5883436
5884262
5885483
5885500
5886599
5887343
5887463
5889591
5891626
5892341
5892770
5894589
5895070
5895883
5896334
5897012
5898026
5901073
5904106
5904209
5905203
5907032
5907262
5908109
5911398
5911899
5912184
5913575
5913773
5913893
5913958
5914658
5916424
5916717
5916973
5917250
5919969
5920428
5920712
5922198
5923146
5923824
5925397
5926475
5930367
5932596
5932652
5934213
5935058
5936549
5938478
5938608
5938688
5940317
5941737
5942883
5944473
5944898
5945244
5945671
5945772
5948658
5953388
5955979
5957209
5958319
5958823
5959964
5960262
5961472
5961775
5962071
5962261
5962904
5963748
5964281
5964294
5964604
5966471
5966864
5967522
5968776
5969136
5969782
5970041
5971267
5972076
5972391
5975214
5978616
5978618
5979117
5980145
5980743
5981050
5981811
5981817
5982027
5983130
5983725
5984574
5986079
5988744
5988856
5988929
5989884
5989904
5990396
5990586
5993523
5993907
5995680
5996237
5998322
5998602
6000334
6002146
6002572
6002924
6003445
6003536
6004036
6005356
6007541
6007614
6007651
6007847
6009688
6010041
6013384
6015502
6018697
6019291
6019467
6019468
6019977
6022444
6022528
6023235
6023279
6024413
6025382
6026248
6028361
6029197
6029441
6030315
6030691
6032059
6032660
6032981
6033646
6034016
6036224
6036369
6036784
6037171
6037283
6037700
6038010
6038689
6040233
6041451
6042304
6042574
6043014
6045322
6047167
6047889
6049745
6050826
6052714
6054900
6055332
6055608
6056019
6056024
6056509
6057600
6059629
6061424
6061711
6062937
6066102
6066313
6066683
6068131
6069016
6071631
6072664
6073554
6075573
6076316
6076647
6076763
6077810
6077845
6078335
6079113
6079166
6079599
6079851
6080473
6081177
6081790
6081919
6083005
6083302
6084036
6085743
6085879
6088666
6090464
6091395
6091667
6092008
6092746
6093658
6094044
6096680
6097450
6098010
6099479
6101731
6102996
6103069
6103234
6104590
6105461
6107100
6107871
6107928
6108604
6108831
6109028
6110441
6110888
6112618
6112798
6113563
6113898
6114626
6116144
6117655
6120813
6120905
6121525
6121689
6123345
6124343
6124478
6125804
6126675
6127165
6128099
6129143
6132709
6134193
6135069
6136813
6137077
6138660
6139934
6140995
6142352
6143268
6143845
6144586
6144919
6145673
6146781
6147912
6148035
6148082
6148678
6149999
6150094
6150254
6151259
6152328
6153713
6154986
6155369
6155716
6155860
6156572
6156738
6157599
6157710
6158763
6159381
6160666
6161433
6161545
6161721
6161852
6162807
6164118
6164787
6166140
6166144
6166518
6167401
6168239
6169245
6169932
6170122
6172622
6172637
6172904
6173422
6174409
6176501
6177956
6178606
6179166
6181197
6181524
6182121
6182707
6182753
6183231
6184078
6186304
6187017
6189657
6189685
6190419
6190574
6190633
6191038
6191145
6191854
6194171
6194433
6194480
6195426
6197741
6203185
6203520
6204311
6204647
6206821
6206902
6209649
6209723
6209810
6211195
6212376
6213769
6214761
6215005
6215356
6216300
6217892
6218012
6220959
6221046
6222918
6224027
6225577
6228183
6229127
6229225
6229252
6229730
6232373
6233202
6233616
6235929
6236587
6237455
6237645
6238831
6238868
6240563
6240657
6241100
6241525
6242353
6242902
6243149
6243198
6243551
6247838
6249010
6256229
6256234
6257418
6258111
6258231
6259359
6260082
6260132
6263226
6263630
6265686
6265696
6266864
6267318
6267362
6267587
6267654
6268586
6268747
6269176
6269507
6270605
6272508
6272605
6273675
6273882
6274341
6274345
6274372
6275757
6275851
6277989
6278585
6279016
6284317
6284702
6285076
6288943
6290402
6290600
6291088
6291607
6291866
6292125
6293720
6296781
6297346
6298221
6301210
6301445
6301954
6303634
6305253
6306414
6308203
6308603
6308661
6309233
6309641
6310267
6311975
6312167
6312927
6313170
6313344
6314141
6316405
6317468
6318063
6321101
6321130
6322287
6322573
6323954
6324176
6324261
6324470
6324939
6326932
6326952
6327057
6328367
6328772
6330046
6332302
6334414
6335224
6336303
6339023
6340583
6340982
6341964
6343652
6344039
6345172
6346164
6348845
6350902
6353950
6354198
6355916
6359125
6361903
6365208
6365520
6365736
6367179
6367692
6369379
6369654
6369736
6370826
6371880
6372067
6372142
6373802
6374134
6374275
6375856
6378212
6379079
6379787
6380024
6380578
6382902
6384839
6385165
6385371
6386414
6387069
6387865
6388419
6390107
6390914
6391380
6392227
6392442
6393798
6394284
6394374
6394658
6394865
6395410
6395785
6397932
6398402
6400036
6400799
6403390
6403594
6403906
6407061
6407639
6408538
6409187
6410342
6410651
6412345
6413294
6414450
6415081
6415913
6417633
6417831
6419215
6419428
6420624
6421442
6423501
6427062
6427327
6427900
6428906
6429016
6429160
6429276
6431281
6434161
6435164
6435384
6435429
6436457
6436521
6437706
6438578
6440062
6440792
6441882
6443059
6443417
6443918
6444311
6444361
6445298
6445755
6446036
6446624
6446663
6448050
6451469
6452320
6452374
6452750
6453035
6453419
6456113
6458231
6458286
6458499
6459371
6459693
6459930
6460853
6461596
6463935
6464932
6466148
6466915
6467689
6467947
6468833
6468889
6469403
6469850
6469994
6470624
6471208
6471343
6472411
6472511
6475752
6476887
6477845
6478079
6478957
6479882
6481950
6481977
6482256
6482482
6482506
6483927
6484327
6484585
6485136
6485640
6486027
6487380
6488414
6489121
6489464
6491090
6491537
6491579
6492111
6495417
6496637
6497234
6497985
6498077
6498685
6499953
6502044
6502568
6504016
6506364
6506665
6507364
6508643
6509408
6509544
6510131
6513213
6513882
6514722
6515536
6517829
6517876
6518763
6521051
6521646
6521842
6527338
6527477
6528035
6528125
6528846
6529323
6529996
6531312
6531884
6532853
6534596
6536460
6538334
6541167
6542428
6543478
6544189
6545045
6546574
6547628
6548642
6549966
6550415
6551907
6552082
6552263
6553249
6553319
6553559
6554007
6554574
6557459
6561027
6561244
6561436
6561513
6563684
6563718
6563842
6563904
6566172
6567552
6569755
6570125
6570459
6571165
6571409
6574845
6575764
6575985
6577269
6578919
6580489
6580693
6582649
6583747
6584078
6584504
6585044
6585216
6585264
6586695
6588413
6588535
6589237
6589636
6590110
6591029
6595063
6595353
6595457
6596127
6597406
6599759
6601334
6601579
6602357
6602800
6605308
6606063
6607131
6607357
6607516
6608052
6609082
6609101
6609847
6610228
6611888
6612975
6613491
6613560
6614137
6616400
6616433
6622620
6623066
6624317
6625059
6626077
6626703
6628635
6629084
6630496
6630595
6631117
6635097
6637014
6639643
6640403
6641124
6642956
6643153
6644797
6648207
6649549
6651573
6652666
6653180
6653351
6653353
6654235
6654765
6655813
6659191
6661167
6664614
6665645
6666556
6666941
6668570
6669012
6669710
6670598
6670604
6671630
6671712
6673181
6674028
6674298
6675722
6677629
6677799
6678777
6680223
6683303
6683898
6684199
6685311
6686107
6686538
6687687
6689378
6691162
6691455
6692128
6692508
6692545
6693143
6693887
6694223
6694257
6694565
6695629
6695949
6697740
6698706
6701904
6703809
6704265
6704396
6704657
6704746
6705367
6708771
6710461
6711183
6711376
6716102
6716457
6718490
6718944
6720549
6720759
6720761
6721368
6721814
6722254
6723153
6724582
6725072
6725789
6726936
6727284
6727851
6728360
6730799
6731648
6731991
6732245
6735238
6735657
6736472
6736951
6739624
6739910
6741131
6742014
6742170
6742207
6742513
6743344
6743917
6744872
6747208
6747223
6749803
6750000
6750928
6752406
6756297
6756736
6757546
6757593
6757600
6760149
6761127
6761413
6761767
6762427
6767538
6768386
6769180
6770003
6770268
6770474
6770807
6771102
6771568
6771739
6772332
6772549
6775955
6778813
6779977
6780231
6781103
6783216
6784073
6785830
6786017
6786451
6786620
6787051
6789605
6790189
6791256
6791588
6791641
6792708
6795669
6798174
6798494
6799206
6800639
6803950
6804309
6806046
6807542
6809246
6810588
6811439
6812183
6812246
6813901
6814470
6815785
6819452
6819617
6819766
6820331
6820333
6820548
6821315
6825392
6827147
6828218
6829063
6829297
6829682
6829767
6834046
6836845
6839519
6839968
6841942
6845190
6847282
6847535
6847703
6848252
6848375
6848382
6850660
6853451
6857038
6857320
6858102
6862981
6863437
6863463
6864324
6864371
6864944
6865228
6865410
6865510
6866550
6868370
6868887
6869109
6872279
6873064
6874076
6876717
6877213
6877823
6878410
6878691
6878912
6879069
6881205
6881604
6881790
6882160
6883683
6884937
6885011
6887863
6889016
6889168
6889501
6890101
6891654
6892483
6893309
6894204
6894987
6898739
6899499
6900855
6901963
6902010
6903993
6906852
6907392
6908513
6908822
6909719
6910417
6912461
6915535
6916139
6916223
6917857
6917978
6918090
6919157
6919595
6920510
6920743
6921907
6921999
6925988
6928330
6929175
6929271
6929348
6929581
6930046
6930085
6930428
6930580
6931677
6932043
6934888
6936849
6937098
6937704
6939075
6940242
6941239
6942025
6942039
6943974
6945197
6946879
6947721
6948687
6950457
6950558
6951327
6952023
6952451
6953483
6953606
6955678
6955744
6955869
6956376
6958894
6959369
6960192
6961812
6962432
6964227
6967281
6969048
6970581
6970695
6971668
6972633
6974191
6974447
6974730
6975297
6975899
6976412
6978256
6980031
6981347
6981902
6983429
6983947
6985052
6985502
6985977
6987293
6987944
6989031
6989404
6990379
6991354
6992876
6993018
6994016
6995138
6995584
6996526
6997907
6999405
6999583
7000082
7001363
7003680
7004100
7004134
7004414
7005490
7007724
7008850
7008861
7010446
7010919
7011145
7011549
7011577
7012160
7013495
7015124
7015788
7015958
7016748
7016987
7017528
7017738
7018352
7019611
7022751
7023485
7023806
7024119
7025225
7026395
7027886
7028751
7029685
7030058
7030156
7036023
7036287
7036803
7036904
7037520
7037984
7038285
7038958
7039524
7039643
7040444
7041403
7042473
7043099
7043718
7043888
7044239
7044357
7044385
7046758
7048162
7049426
7050003
7052683
7053087
7055003
7056390
7057420
7059767
7060220
7061064
7061106
7061190
7062416
7062784
7064288
7064720
7066528
7068290
7069363
7070255
7070517
7070627
7071811
7072233
7072488
7072609
7073021
7074533
7076980
7077640
7078107
7078786
7079445
7079644
7080760
7081915
7083013
7083492
7085200
7085500
7085661
7085731
7085818
7086702
7087086
7089065
7089677
7090307
7091056
7091548
7092567
7092910
7093189
7093805
7094820
7095089
7095452
7096038
7096542
7097907
7098883
7099241
7100477
7100877
7101255
7101265
7102394
7102805
7104413
7105379
7106405
7107635
7107972
7109033
7109475
7110037
7112442
7112832
7114164
7114622
7114863
7115532
7115761
7116278
7120960
7121679
7121857
7122317
7122579
7123163
7124282
7124335
7124746
7126667
7127260
7128146
7130230
7130517
7130826
7132230
7132892
7134380
7134506
7134845
7135585
7136926
7137389
7137794
7138504
7141282
7141974
7142959
7144292
7144533
7145065
7145590
7146299
7146323
7146398
7147416
7147688
7151035
7151572
7151902
7152862
7153765
7157956
7157957
7158347
7160556
7161771
7162670
7164801
7166793
7168131
7168331
7169839
7170528
7173010
7173258
7174320
7174549
7175845
7176284
7177446
7177450
7179479
7180389
7182173
7182368
7182636
7183448
7184162
7184276
7186065
7187982
7189639
7190626
7190678
7192519
7192646
7193059
7194721
7194897
7195069
7195985
7197076
7197490
7197772
7198730
7199272
7199469
7200454
7200811
7201004
7201271
7201715
7202031
7202576
7202811
7202900
7203013
7204714
7204772
7205785
7207187
7207778
7207971
7208117
7209025
7209703
7209935
7211507
7211520
7216624
7217293
7217466
7218259
7219039
7219369
7219445
7220106
7220366
7220383
7221674
7222137
7222522
7224084
7224219
7224510
7225151
7225186
7227387
7227602
7229009
7229205
7230102
7230342
7230558
7230769
7232505
7233894
7233940
7235622
7236384
7237248
7237524
7237836
7238356
7239048
7239829
7241448
7241939
7242000
7242036
7242781
7243049
7243750
7244397
7245262
7245354
7245450
7245628
7247691
7247769
7249004
7249304
7249904
7250392
7251026
7252224
7256089
7256760
7257793
7258052
7258358
7258644
7261977
7262411
7262530
7262743
7263105
7264461
7265060
7265165
7266134
7267112
7267398
7270981
7271109
7274176
7275407
7276714
7277311
7278348
7279548
7279784
7280036
7280821
7281098
7284958
7287939
7288533
7289240
7291165
7291420
7291582
7291946
7292262
7292919
7297015
7297257
7297718
7297839
7297873
7299335
7300074
7300268
7300934
7301214
7302045
7302365
7303418
7305277
7305483
7305970
7306590
7307790
7308337
7310957
7311504
7311651
7313840
7317282
7317472
7318275
7318449
7319297
7319766
7321846
7322545
7323761
7323819
7327271
7328192
7328540
7328973
7331108
7332515
7333417
7334967
7334979
7335404
7335883
7339589
7340082
7341065
7343753
7344903
7349352
7349355
7351593
7351999
7353540
7354305
7354770
7355196
7356141
7357933
7358278
7358491
7358863
7360126
7360899
7362233
7363233
7363360
7363660
7363929
7365506
7365783
7366214
7367446
7368578
7369250
7370058
7372046
7373177
7374735
7375633
7377068
7377228
7377810
7379009
7379139
7380113
7380795
7380908
7381084
7381281
7381493
7382847
7382972
7383156
7384296
7384345
7384524
7385570
7385923
7386902
7386955
7387839
7388330
7388589
7388590
7388861
7389035
7389751
7390402
7390665
7390996
7391502
7392083
7394671
7394926
7395781
7396112
7396558
7397091
7398773
7402327
7402744
7402936
7403517
7403542
7404409
7406303
7406651
7409166
7409724
7409744
7412618
7416098
7416114
7416605
7418355
7420629
7421930
7424799
7425406
7425921
7427798
7428824
7429036
7429054
7430028
7431226
7432127
7432566
7432619
7433188
7433508
7434674
7435039
7437781
7438237
7439458
7440004
7440351
7441843
7442090
7442988
7445335
7446301
7446454
7446797
7447163
7447434
7448436
7448780
7453809
7455075
7457031
7457584
7458029
7458296
7459101
7460038
7460417
7464551
7465225
7466236
7466344
7468779
7469454
7471535
7471551
7472992
7473069
7474386
7476427
7476792
7477006
7478828
7480136
7480439
7481435
7481805
7482586
7483022
7486008
7488009
7489292
7489944
7491394
7491555
7493417
7493439
7493939
7494239
7495585
7495864
7496369
7496691
7496742
7497542
7497775
7498927
7499203
7500230
7500231
7500668
7501179
7501311
7501766
7503352
7503804
7505174
7505330
7505853
7507381
7508460
7511356
7513195
7514928
7517133
7518021
7519471
7519687
7521308
7524480
7526617
7527517
7528269
7528396
7530777
7531291
7532447
7533747
7533909
7533937
7533986
7534463
7536208
7536794
7537101
7537750
7539725
7540678
7540773
7540793
7540991
7542587
7543132
7543558
7546227
7547324
7547563
7548512
7549990
7552387
7554509
7556478
7558338
7559865
7562774
7567114
7568153
7568316
7568860
7569144
7570193
7572048
7573323
7573846
7574657
7575011
7575859
7576260
7577500
7581474
7583402
7583420
7584515
7584564
7584704
7584711
7587342
7588295
7589098
7589220
7590381
7591862
7592489
7593904
7597097
7599506
7600715
7601686
7602040
7603149
7606126
7607444
7609605
7611075
7612393
7612973
7615498
7615533
7616674
7617026
7617165
7617295
7619269
7619685
7619945
7620468
7621780
7622071
7623278
7625587
7626163
7626195
7626308
7626949
7627026
7627193
7628256
7629569
7630332
7631244
7631464
7632213
7632708
7632737
7633869
7634112
7635317
7635577
7635990
7636356
7636685
7636924
7637643
7641255
7641395
7641569
7642749
7647055
7648906
7650809
7651757
7652061
7652977
7653090
7654543
7654673
7655181
7655805
7655894
7657402
7658506
7658824
7658872
7660681
7661518
7663368
7663853
7663870
7664515
7666588
7667858
7669210
7669623
7672382
7673921
7675124
7675746
7677905
7678227
7678638
7679880
7681286
7682187
7682352
7683662
7683710
7685137
7685363
7685654
7686116
7686724
7687554
7688009
7695013
7698316
7698549
7699016
7701967
7702243
7702283
7703083
7704617
7706261
7706379
7709362
7709712
7709750
7710100
7712452
7712551
7712623
7712795
7712945
7715539
7717278
7717636
7717887
7719303
7721184
7721535
7721897
7722069
7723639
7723894
7724104
7724347
7724537
7725313
7726348
7729304
7730063
7730107
7732582
7733450
7733771
7734899
7734953
7735161
7740655
7741036
7741119
7742870
7743459
7744477
7744570
7744749
7745524
7747536
7747886
7749097
7749557
7750803
7751353
7752389
7753047
7754182
7754948
7756212
7757031
7758493
7760453
7762512
7762866
7764275
7764916
7765041
7766399
7766458
7767680
7768040
7773137
7773980
7774649
7776735
7778324
7779100
7779951
7782697
7783015
7783977
7784194
7784953
7784992
7785910
7786683
7787371
7788993
7793585
7795180
7797846
7801918
7803296
7803462
7803468
7804212
7805801
7806642
7807266
7807905
7808188
7808274
7808524
7809034
7810038
7810413
7810918
7811793
7812007
7812371
7813081
7813376
7814336
7814889
7815893
7816083
7817487
7819853
7821743
7823194
7823456
7826770
7828441
7828796
7834409
7837270
7838764
7838880
7840743
7842537
7843725
7844147
7844651
7845338
7845790
7846305
7846900
7846920
7848009
7848337
7850836
7852625
7852629
7853234
7853778
7854569
7855756
7856414
7858176
7859540
7859808
7860686
7861784
7863844
7863949
7865592
7867507
7869683
7870984
7871533
7871538
7871638
7871815
7872735
7873350
7873417
7875494
7875872
7875893
7876886
7878243
7879254
7879943
7881965
7882092
7883044
7883590
7884126
7884290
7884982
7886940
7887011
7888336
7889356
7891230
7896315
7896724
7897415
7897976
7898444
7899486
7901331
7902083
7902118
7903495
7904623
7904858
7905318
7905940
7906116
7908698
7909323
7911395
7912260
7912303
7913777
7914148
7915017
7915439
7916589
7917354
7918703
7920624
7920761
7921327
7921561
7921686
7922434
7923238
7923955
7923973
7924141
7924910
7926478
7927551
7927749
7930140
7931142
7934349
7935793
7936512
7936825
7937571
7938008
7938435
7939307
7939790
7940140
7941217
7943046
7944302
7944679
7944854
7947852
7948083
7948785
7952089
7952776
7952925
7953114
7954796
7957600
7958317
7958847
7959787
7960072
7962063
7962115
7963647
7963717
7964024
7965367
7966210
7966357
7967264
7967690
7968876
7972139
7975586
7975859
7977205
7977758
7979197
7980236
7981360
7982673
7982820
7984228
7984770
7985903
7988687
7990191
7990621
7991522
7993908
7994270
7994485
7995603
7996214
7996245
7996781
7996795
7997954
8000447
8000564
8001074
8001219
8001255
8003677
8006540
8006749
8006836
8008073
8009135
8010019
8011560
8012281
8012741
8013539
8013756
8013777
8015298
8015990
8016604
8017632
8018707
8020406
8021750
8021979
8024274
8024951
8025831
8026412
8026463
8026994
8028503
8029286
8030113
8030490
8031441
8031701
8032870
8034709
8035429
8036222
8037182
8037997
8039479
8040589
8041156
8041198
8041646
8041966
8042562
8042599
8044108
8045240
8045313
8045555
8045709
8046446
8046882
8049180
8049693
8049730
8049755
8050182
8051820
8054714
8055864
8056823
8056861
8057340
8057828
8058032
8058400
8058601
8058938
8059852
8061487
8061744
8062098
8063977
8064188
8064985
8066741
8067484
8067965
8070434
8071084
8071130
8072725
8074914
8077792
8078293
8078580
8078633
8080285
8082675
8083489
8083921
8084285
8085871
8086487
8087531
8087880
8090086
8091040
8091214
8092273
8092466
8092671
8093344
8093446
8093545
8094754
8095581
8096507
8097145
8098822
8100426
8100593
8100820
8106773
8108683
8109174
8109280
8109333
8111673
8114253
8114530
8115068
8115152
8116099
8116706
8117849
8120371
8121797
8123566
8123587
8123659
8124135
8124306
8125175
8128440
8129603
8130578
8131181
8132885
8133574
8134523
8134669
8136661
8138854
8139073
8139133
8140102
8140387
8140390
8140927
8142177
8142491
8143002
8143020
8143029
8144783
8145606
8145713
8146897
8147306
8148309
8148693
8149332
8149412
8151253
8152142
8152256
8152887
8154744
8155529
8156724
8156763
8158038
8158879
8160399
8160431
8160770
8163120
8163295
8163457
8164162
8165386
8166638
8166883
8167004
8168511
8171140
8171518
8171841
8172675
8173159
8173789
8174366
8174915
8175325
8176410
8176618
8176824
8177167
8178472
8178981
8179032
8180196
8180822
8182912
8184779
8184859
8186051
8187446
8188015
8188753
8189354
8189847
8191242
8191648
8192003
8192142
8192356
8192444
8194817
8196958
8197647
8198915
8199611
8200012
8200113
8201939
8205126
8206077
8207187
8207668
8209882
8210584
8210874
8212474
8214124
8216689
8216846
8217620
8217819
8218212
8220313
8223271
8223365
8225628
8226787
8227682
8228778
8228975
8232075
8232256
8232761
8232852
8234683
8238782
8241486
8243873
8245341
8245782
8246564
8246659
8248068
8249429
8250141
8250406
8252934
8253111
8253317
8253331
8253433
8254166
8254250
8255377
8256121
8257468
8257575
8258311
8258622
8258961
8260761
8260885
8260930
8260999
8261733
8262273
8263048
8263439
8265864
8266303
8266583
8266747
8267214
8268843
8271595
8271859
8271867
8272016
8274398
8274625
8276344
8278056
8279045
8280244
8280414
8281995
8282596
8284191
8284851
8285863
8287088
8290078
8292714
8293139
8294046
8294655
8294806
8295202
8298006
8299214
8299711
8301524
8303412
8303937
8303968
8304097
8304805
8305004
8305722
8306300
8306344
8312441
8313032
8313227
8313409
8314336
8314898
8315888
8317375
8317792
8317937
8318140
8318957
8319675
8320022
8322012
8322288
8322472
8322954
8323894
8325427
8326657
8328092
8329191
8329283
8332114
8332920
8334346
8335530
8337706
8338193
8338243
8339606
8340701
8340993
8341566
8341587
8341760
8343145
8343766
8343925
8344082
8344411
8345410
8346262
8347491
8347662
8347939
8349137
8351204
8353049
8354194
8356085
8358412
8358885
8359711
8361393
8361819
8362459
8364156
8366668
8367306
8369742
8371228
8371388
8371705
8371927
8372029
8374928
8374983
8375315
8375998
8376140
8378542
8379222
8379279
8379979
8380603
8381050
8381427
8382426
8383414
8383603
8384437
8384751
8385588
8386045
8387136
8388917
8389261
8389950
8390070
8390697
8391122
8391214
8391575
8394757
8397096
8397371
8401395
8401890
8403856
8404126
8405619
8405949
8407291
8410095
8414071
8414560
8415313
8415864
8416286
8418209
8418484
8419761
8420918
8421068
8421394
8421629
8422889
8426947
8427002
8427146
8430829
8430932
8431918
8434641
8435717
8436588
8436854
8437122
8437228
8437404
8438017
8438183
8438217
8439214
8439296
8441076
8441252
8441290
8443028
8444999
8445537
8445974
8446534
8446725
8447340
8447753
8447904
8449723
8450086
8450579
8450665
8450668
8450990
8451811
8451921
8452806
8453123
8453837
8456994
8459790
8460757
8460880
8461936
8463551
8464784
8470324
8471437
8472140
8474570
8475207
8476051
8476532
8477087
8477876
8478487
8478940
8481016
8481552
8482909
8482963
8483356
8483848
8484240
8486100
8486884
8489579
8489918
8492471
8493374
8494544
8495477
8497011
8497660
8498407
8499720
8499963
8500783
8500794
8502154
8506079
8506530
8506862
8506933
8508753
8510271
8510394
8511086
8511330
8512179
8514046
8516441
8516608
8517901
8518787
8524055
8525784
8526040
8526784
8527055
8527273
8528841
8528856
8529100
8529498
8530189
8532982
8534512
8537847
8538891
8540621
8541259
8542134
8544269
8546063
8546326
8547070
8550486
8552145
8552348
8552737
8554028
8554673
8554689
8555277
8556723
8558583
8559284
8561997
8564666
8565136
8568675
8570746
8570788
8571491
8571900
8572381
8573341
8574990
8576825
8577225
8577807
8579177
8579335
8580036
8581209
8581227
8584083
8586142
8587502
8588357
8588734
8589728
8589826
8591590
8592303
8593168
8593487
8596289
8597083
8598927
8600256
8600861
8600886
8603856
8604161
8604195
8605847
8605959
8607288
8608238
8608612
8610819
8611221
8611223
8613098
8613513
8614670
8614892
8615249
8615549
8615717
8618653
8618953
8623360
8624113
8624763
8626293
8626458
8627030
8628191
8628415
8629515
8630507
8630848
8631930
8635322
8637156
8637276
8637483
8638259
8638633
8638943
8639266
8639507
8640417
8640660
8641150
8641261
8641302
8642286
8644703
8646809
8647734
8648104
8648535
8651645
8651775
8652201
8652455
8652812
8653637
8653864
8657078
8657972
8658055
8658105
8659564
8660827
8662057
8662155
8663639
8664381
8665714
8666782
8667960
8668301
8669931
8671760
8671811
8672408
8672475
8672525
8673036
8673125
8678617
8678758
8679982
8682141
8682790
8684048
8684265
8686608
8686704
8687113
8687838
8690735
8691890
8693138
8693164
8693386
8694787
8695097
8695272
8700224
8700619
8701726
8702899
8705133
8705694
8705942
8706236
8706710
8707410
8707462
8708010
8709533
8712384
8714109
8717045
8717135
8720849
8722955
8723911
8725051
8725429
8725867
8726282
8726815
8727126
8728071
8728994
8730435
8733360
8733835
8735590
8735708
8739348
8740128
8740213
8743086
8749026
8749383
8750220
8750537
8751561
8753148
8755836
8757028
8757158
8757186
8757872
8757938
8758982
8759152
8759269
8759877
8760231
8762110
8762554
8764822
8765630
8766606
8770925
8772394
8774598
8777550
8777822
8777834
8778847
8778972
8780010
8780688
8781255
8782160
8782984
8785119
8785553
8787306
8787648
8787652
8788775
8790585
8791172
8791550
8794540
8794627
8796447
8798056
8798150
8800550
8800703
8800835
8802252
8804892
8807314
8808253
8808488
8809185
8810560
8810992
8811003
8811756
8812498
8812582
8812869
8813043
8813604
8815014
8815599
8816410
8816573
8818302
8819267
8819412
8819419
8820707
8821015
8821762
8822578
8823934
8824800
8826078
8826548
8827891
8828523
8829228
8831129
8831237
8832014
8835395
8835613
8835758
8836373
8836841
8837126
8837160
8837278
8837843
8838246
8838627
8839066
8839882
8840060
8840793
8840884
8843471
8843611
8846266
8848749
8850300
8851657
8851805
8851868
8851945
8853928
8854136
8855692
8856223
8856511
8859471
8861013
8862702
8863151
8867054
8868600
8868664
8871724
8872607
8874140
8875058
8876300
8877074
8879647
8881525
8882377
8882511
8882899
8883887
8884718
8885549
8885587
8886506
8886948
8887436
8887625
8888055
8892333
8892628
8892908
8894108
8894163
8894825
8897424
8900729
8901932
8902462
8902853
8903342
8904456
8904729
8904818
8906540
8907115
8911531
8914081
8914326
8914647
8915140
8915806
8917073
8917505
8920269
8921071
8924267
8924956
8926269
8926822
8927008
8928818
8929482
8929950
8930586
8930817
8931341
8932151
8933563
8933707
8934781
8934831
8935547
8936593
8936841
8936881
8940820
8941451
8941834
8942657
8943438
8943441
8944928
8948050
8948150
8948289
8949220
8950306
8951311
8952885
8954787
8955847
8956348
8958183
8961212
8961844
8963411
8964210
8964386
8965185
8966785
8967318
8968672
8970356
8971001
8971392
8972319
8972472
8973009
8974021
8974241
8976705
8977421
8979946
8981265
8983156
8983318
8983896
8985165
8987302
8987719
8987842
8987896
8989377
8989380
8990305
8990567
8991316
8991428
8991923
8992684
8992815
8993941
8994134
8995679
8997217
8999191
8999517
8999852
9000495
9001618
9001930
9002255
9002848
9003154
9006677
9008417
9009903
9010436
9010589
9012170
9012505
9012684
9015428
9016567
9017192
9017819
9017950
9018570
9020758
9021888
9022689
9023384
9023705
9023858
9025782
9026159
9026943
9027543
9030233
9033406
9036228
9038267
9039704
9041460
9041992
9042721
9042766
9044231
9045558
9046208
9047497
9047598
9048478
9049141
9051566
9051674
9052099
9054408
9055279
9055421
9055855
9057785
9058243
9059348
9060509
9060754
9063043
9063497
9064952
9065059
9067576
9068433
9069688
9070037
9071139
9074661
9075191
9075755
9081080
9081697
9082128
9085628
9085662
9088237
9088828
9089877
9090382
9090506
9091111
9091148
9091507
9091572
9091849
9091963
9092331
9092751
9092826
9093158
9093486
9094695
9095944
9096312
9097095
9097728
9100082
9101343
9101760
9102009
9103584
9104488
9105360
9105672
9106212
9107273
9110726
9111729
9111866
9112553
9113034
9113060
9114832
9115230
9116321
9116436
9118132
9118265
9119877
9121462
9121703
9121825
9122145
9123928
9125295
9125938
9127048
9128299
9129425
9130869
9131214
9132039
9132255
9132853
9135801
9136652
9136741
9137222
9137450
9137512
9137541
9138311
9138774
9143545
9144134
9144369
9144996
9147273
9148315
9149106
9149321
9150083
9152675
9153365
9155260
9157156
9157360
9157931
9158358
9159637
9159981
9160017
9162481
9164131
9165243
9167227
9170310
9171969
9175253
9175398
9176712
9176722
9177020
9178246
9178694
9179484
9180386
9181975
9182886
9183659
9185348
9185799
9188660
9190080
9190420
9191889
9192556
9193448
9196042
9197566
9201558
9201612
9205708
9206254
9206504
9207226
9208485
9210116
9210242
9211967
9213991
9214742
9215841
9215845
9215982
9218208
9219106
9220151
9220516
9220962
9221071
9222650
9223123
9224828
9225003
9226512
9226792
9227821
9229357
9229847
9229976
9231256
9231297
9232550
9235454
9236025
9237235
9238186
9238244
9238418
9239090
9240800
9242400
9242644
9242852
9245535
9245997
9248293
9249426
9250821
9251847
9252018
9252389
9252520
9254030
9259937
9260146
9260299
9260479
9260512
9260761
9262566
9263248
9263353
9264364
9266700
9267085
9268401
9270260
9270354
9270705
9271935
9272434
9273255
9273754
9275259
9275443
9275989
9276565
9277439
9279934
9281623
9281775
9283599
9284391
9285095
9285507
9286776
9287188
9287895
9287996
9291210
9291226
9291875
9293663
9294512
9294810
9295209
9296143
9299092
9300458
9300846
9302578
9303250
9304354
9306718
9307138
9307323
9309887
9312262
9312622
9313140
9313356
9314822
9315516
9319683
9320543
9320778
9320977
9323949
9324151
9325129
9326194
9327622
9328606
9328748
9330020
9331142
9333619
9333960
9335282
9336875
9338617
9338678
9338832
9340109
9341085
9343023
9343918
9345856
9345940
9348683
9349392
9349973
9351924
9354098
9354256
9354361
9356043
9358856
9360160
9360537
9362086
9362576
9364772
9365309
9366700
9367446
9368347
9370469
9371674
9371800
9371839
9372600
9374368
9376070
9376146
9376517
9376674
9376798
9379886
9381069
9384124
9384703
9385835
9386182
9386625
9387189
9387207
9387659
9390201
9390284
9392863
9394109
9395578
9395992
9396421
9396579
9398386
9400896
9401218
9401473
9402053
9402743
9403647
9403741
9404727
9405154
9405514
9407019
9408455
9409361
9410657
9411304
9411473
9411675
9413489
9413560
9414660
9416810
9417025
9417132
9419623
9419774
9420365
9420571
9422728
9423029
9425760
9425924
9426362
9427225
9428036
9430502
9430617
9430728
9430896
9432436
9436294
9436822
9437352
9437997
9439497
9440632
9442218
9448438
9451256
9451657
9451689
9451793
9453142
9453807
9454076
9454116
9456014
9457163
9457436
9460225
9460404
9463350
9464385
9464731
9464800
9466996
9467575
9469011
9470913
9471770
9471847
9473821
9474070
9474224
9474505
9476112
9476702
9477839
9479094
9479709
9480091
9480433
9480875
9481857
9482703
9482848
9484397
9484997
9485187
9485313
9485609
9486470
9487137
9487164
9488014
9489631
9489692
9489972
9490106
9490606
9490750
9490986
9492763
9494565
9496483
9496724
9498383
9499732
9501739
9502266
9503333
9504224
9504614
9506532
9508601
9510068
9512456
9513582
9516092
9516956
9517457
9518551
9519285
9519781
9519829
9521196
9523911
9525643
9525824
9526008
9526207
9527658
9528211
9528326
9534332
9534449
9534791
9535950
9536253
9537068
9537613
9537740
9539405
9539945
9541972
9543117
9544783
9545471
9546059
9546924
9549007
9550144
9551696
9552005
9553311
9555655
9556694
9556832
9557727
9558612
9559598
9560552
9561359
9563289
9563480
9567901
9568354
9568960
9569178
9570304
9575221
9576374
9577013
9580906
9585711
9587586
9587657
9587668
9589261
9589528
9589881
9591096
9591739
9591774
9593290
9594065
9595664
9595868
9596127
9596468
9597510
9597578
9597786
9597791
9598176
9600105
9600241
9600619
9601219
9601254
9601312
9602983
9604386
9604534
9606076
9607307
9608116
9610047
9611646
9612010
9613970
9614011
9614772
9616718
9617056
9617436
9618091
9619424
9620263
9621061
9621666
9624409
9624470
9625381
9629144
9629663
9629700
9629704
9630232
9630705
9630912
9632298
9633976
9634884
9635361
9637905
9639291
9639717
9641185
9642064
9643214
9644048
9644281
9645446
9645760
9646624
9646788
9646911
9649890
9651764
9652072
9653879
9654028
9654393
9654722
9654910
9655531
9656915
9658180
9658662
9659784
9660477
9662469
9662654
9665106
9665405
9665888
9669405
9670364
9671434
9672855
9674139
9674246
9674531
9675666
9675889
9676244
9676667
9676781
9677014
9677307
9679028
9679257
9680024
9680474
9683197
9683534
9684498
9685055
9685130
9688569
9688784
9689025
9689431
9690454
9690909
9693719
9694763
9695526
9695567
9696529
9696830
9696934
9697328
9698075
9699449
9699630
9701115
9703169
9703446
9704205
9705981
9708388
9710105
9711383
9711509
9711763
9713280
9713302
9714929
9717792
9719406
9719506
9720970
9722072
9723696
9723882
9724296
9725175
9725258
9725400
9726554
9727118
9727890
9728530
9728804
9728814
9730593
9731796
9732740
9735289
9738338
9742427
9743278
9743609
9743700
9744121
9745088
9745377
9746737
9747433
9747563
9747789
9748288
9748359
9749680
9749954
9750832
9751384
9751400
9751599
9752222
9752224
9754509
9754922
9757397
9758713
9760278
9760695
9761356
9762845
9765406
9766627
9766698
9767584
9768612
9768940
9769515
9770625
9772233
9773336
9774619
9775886
9777346
9777723
9778212
9779265
9779366
9780277
9780963
9781059
9781426
9781586
9781771
9782041
9782396
9784328
9784347
9785361
9785528
9785901
9787343
9787825
9788564
9789305
9789927
9790077
9790138
9790984
9792083
9792278
9792898
9793310
9793476
9795548
9795667
9798250
9799300
9799525
9801137
9801257
9801769
9802058
9802178
9802591
9803850
9804419
9805630
9806351
9806752
9807141
9808441
9809401
9810836
9811181
9811640
9813591
9815991
9816689
9818458
9819117
9821425
9821980
9822039
9822231
9822596
9822739
9823324
9825867
9825966
9827512
9827722
9829819
9831933
9832074
9833514
9835815
9836804
9836907
9840436
9841810
9843996
9844376
9846116
9848047
9848118
9850695
9850967
9852036
9853156
9853581
9853591
9854390
9855991
9856142
9857598
9859615
9860028
9860057
9861855
9862335
9864297
9866389
9867262
9868393
9870744
9871386
9871474
9871844
9872680
9873849
9874061
9875161
9875267
9875667
9879641
9882319
9882691
9883440
9887291
9888045
9888409
9889873
9890202
9892764
9895475
9900078
9900556
9902171
9902256
9902977
9904789
9905536
9906512
9907764
9908696
9909631
9912625
9913483
9913654
9917670
9917724
9918896
9919550
9921768
9922078
9922316
9922744
9923566
9924213
9924916
9925095
9925416
9925648
9925951
9926854
9928090
9928248
9929996
9931027
9931825
9934386
9935175
9937452
9937640
9940469
9941906
9942624
9943198
9943912
9944694
9944978
9945295
9946899
9947029
9947661
9948311
9948654
9949031
9949054
9951666
9952291
9952375
9954763
9954818
9955127
9955964
9956479
9958562
9958695
9958977
9959418
9960856
9961313
9962803
9965409
9966676
9966735
9966812
9967208
9971180
9972070
9972344
9974861
9975975
9976087
9976696
9978040
9978993
9979098
9979596
9979888
9980834
9980877
9983018
9983093
9983602
9984289
9990057
9991450
9992315
9994015
9994375
9994480
9994974
9997389
9997426
9998397
9998682
